2026-03-15 02:40:42.707600 ======================================================================
2026-03-15 02:40:42.707766 BASELINE: Paper md -> LLM -> Code
2026-03-15 02:40:42.707816 ======================================================================
2026-03-15 02:40:42.707869 Paper: /data/home/asagirova/arigraph/frontier-evals/project/paperbench/data/papers/rice/paper.md
2026-03-15 02:40:42.707922 Log path: paper2code_baseline_Gpt-oss-20b_trial5/rice
2026-03-15 02:40:42.707960 Model: Openai/Gpt-oss-20b
2026-03-15 02:40:42.707996 
2026-03-15 02:40:42.708034 Loading paper...
2026-03-15 02:40:42.708530 Paper length: 106166 chars
2026-03-15 02:40:42.708587 
2026-03-15 02:40:42.708729 Initializing LLM...
2026-03-15 02:40:42.728697 Generating code...
2026-03-15 02:41:41.272219 API tokens: 6152 completion, 28810 prompt
2026-03-15 02:41:41.272400 
2026-03-15 02:41:41.273209   Created: generated_reproduction.txt
2026-03-15 02:41:41.273284 Generated repo at paper2code_baseline_Gpt-oss-20b_trial5/rice/submission (1 files)
2026-03-15 02:41:41.273329 Raw model response saved to: paper2code_baseline_Gpt-oss-20b_trial5/rice/generated_code_response.txt
2026-03-15 02:41:41.273508 ======================================================================
2026-03-15 02:41:41.273552 BASELINE COMPLETE
2026-03-15 02:41:41.273588 ======================================================================
