2026-03-15 03:34:05.633292 ======================================================================
2026-03-15 03:34:05.633465 BASELINE: Paper md -> LLM -> Code
2026-03-15 03:34:05.633516 ======================================================================
2026-03-15 03:34:05.633559 Paper: /data/home/asagirova/arigraph/frontier-evals/project/paperbench/data/papers/lbcs/paper.md
2026-03-15 03:34:05.633598 Log path: paper2code_baseline_Gpt-oss-20b_trial5/lbcs
2026-03-15 03:34:05.633671 Model: Openai/Gpt-oss-20b
2026-03-15 03:34:05.633707 
2026-03-15 03:34:05.633744 Loading paper...
2026-03-15 03:34:05.634098 Paper length: 101683 chars
2026-03-15 03:34:05.634159 
2026-03-15 03:34:05.634286 Initializing LLM...
2026-03-15 03:34:05.652686 Generating code...
2026-03-15 03:34:49.353525 API tokens: 4447 completion, 33561 prompt
2026-03-15 03:34:49.353703 
2026-03-15 03:34:49.355804   Created: requirements.txt
2026-03-15 03:34:49.355921   Created: reproduce.sh
2026-03-15 03:34:49.355986   Created: README.md
2026-03-15 03:34:49.356048   Created: lbcslite/__init__.py
2026-03-15 03:34:49.356108   Created: lbcslite/utils.py
2026-03-15 03:34:49.356166   Created: lbcslite/models.py
2026-03-15 03:34:49.356223   Created: lbcslite/main.py
2026-03-15 03:34:49.356287   Created: lbcslite/train_coreset.py
2026-03-15 03:34:49.356332 Generated repo at paper2code_baseline_Gpt-oss-20b_trial5/lbcs/submission (8 files)
2026-03-15 03:34:49.356369 Raw model response saved to: paper2code_baseline_Gpt-oss-20b_trial5/lbcs/generated_code_response.txt
2026-03-15 03:34:49.356564 ======================================================================
2026-03-15 03:34:49.356611 BASELINE COMPLETE
2026-03-15 03:34:49.356648 ======================================================================
